,0
817,0
2592,1
1475,1
1826,1
599,1
2351,0
326,0
1242,0
1867,0
955,0
999,1
1775,0
3537,0
910,0
866,0
463,0
3382,1
685,0
1992,1
1604,0
2567,0
1784,0
465,1
1396,1
398,1
2902,0
1642,0
214,0
1296,0
3471,1
2707,1
2739,0
45,1
1544,1
712,1
1473,1
2598,0
253,1
1829,0
3247,0
134,1
2923,0
1895,1
2843,1
991,1
1032,0
683,0
1861,1
1038,0
526,1
1626,1
953,0
1266,1
1824,1
306,1
581,0
1423,0
467,1
1281,1
2632,0
1964,1
2027,1
2594,1
1732,0
1691,1
2130,0
891,1
1772,1
2240,0
1752,0
533,0
905,1
33,0
3412,1
1460,0
1953,1
39,1
1362,1
2500,1
2012,1
2175,0
998,0
196,1
2366,1
496,0
117,1
2202,1
1771,1
517,1
1347,1
2828,1
3160,1
2714,1
489,1
2692,1
3226,1
900,0
2644,0
882,1
874,1
3099,1
716,1
934,0
3136,1
566,0
2423,1
311,1
927,1
775,0
914,1
1182,0
1070,1
2359,1
1223,0
1602,1
1094,0
3313,1
940,0
3055,1
983,0
2048,1
1637,0
2702,1
352,0
1560,0
3406,0
896,0
1692,0
3396,1
118,1
1108,1
971,1
1196,0
227,1
1491,1
514,1
1087,0
598,0
2611,0
1376,0
1299,0
2299,0
961,0
2792,1
1268,0
2329,1
3145,0
485,0
2945,1
2242,1
2357,1
3354,1
296,1
1052,0
1160,1
2324,1
192,1
1697,0
2892,1
3460,0
3352,1
962,1
22,1
1702,0
2652,0
1465,1
2964,1
1300,0
616,0
2210,1
3070,1
1580,0
3504,0
378,0
541,1
481,1
638,1
3292,0
1535,1
1446,1
2447,0
553,1
2306,1
436,1
2239,1
701,1
3477,0
2790,0
402,1
346,1
898,0
2842,0
482,1
2112,0
2181,1
2970,1
3528,0
1310,0
1495,0
1,1
1180,0
2877,1
567,1
1712,1
224,1
1808,0
202,1
826,0
2038,1
3240,0
2552,0
3461,1
2980,1
543,1
918,1
2016,1
308,1
2838,1
248,0
2101,1
1673,1
1482,1
3272,1
538,1
1487,1
418,0
1955,0
1540,0
2361,0
2401,0
92,1
1713,0
668,0
1845,0
1464,0
643,1
958,1
182,0
2065,1
30,1
1313,0
298,1
3279,0
333,0
3127,0
1758,1
1185,0
2410,1
1931,1
1093,1
562,0
2568,0
2506,0
2521,1
989,0
1023,0
1765,1
502,1
3378,1
3095,1
2370,0
2815,1
2520,1
49,1
2640,1
2476,0
3345,0
3030,0
295,1
3017,1
3028,1
1457,1
2219,1
3321,1
1357,1
840,1
692,1
2858,1
661,0
678,1
2039,1
1950,1
2887,0
1875,0
3124,1
2331,1
3255,1
3522,0
3310,1
3212,0
3074,0
1715,1
628,1
1767,0
2870,0
3137,0
3232,1
10,1
14,1
1513,1
3291,0
4,1
170,0
3097,0
2372,0
380,0
2205,0
2914,1
1359,1
443,0
2505,0
670,0
720,0
2438,0
936,0
1336,1
410,1
3259,1
2570,0
3157,1
1621,0
682,1
3117,1
2584,1
290,0
3210,0
1120,1
453,1
1965,0
1414,0
2978,1
1780,0
2004,1
2925,0
1283,1
2990,1
2054,0
2305,1
219,1
218,1
1448,1
1813,0
1894,0
3297,1
252,1
788,0
867,1
2398,0
3073,1
3238,0
2524,0
1232,1
3020,1
15,1
3488,1
457,0
3327,1
501,1
2466,1
534,1
226,0
399,1
2323,1
3533,1
1881,1
1927,0
2796,0
1014,1
2194,0
1856,1
2675,1
1042,0
1148,0
1129,1
1373,0
1332,0
2871,1
3524,1
177,1
582,0
64,1
764,1
2824,1
1349,0
3416,1
2192,0
1203,1
558,1
2780,1
3008,1
2708,0
981,1
1632,1
2029,1
2855,1
452,0
2233,1
868,0
2836,1
2480,1
472,1
663,1
1583,0
3525,0
2973,1
276,0
3451,0
2225,1
3305,0
1273,0
2064,0
2258,1
2318,0
880,0
2823,1
2484,1
191,1
189,1
148,0
2485,1
1739,1
2987,1
1742,1
2315,0
383,0
2211,0
3510,1
3014,0
2529,0
2063,0
3101,0
2166,0
1015,1
1559,0
304,0
3067,0
499,0
480,0
1587,1
2320,1
1476,0
3302,0
1412,0
1292,1
3245,0
263,0
2769,1
2142,1
3389,1
3312,0
1069,0
71,1
825,1
1916,0
2402,0
569,1
169,0
3060,1
1817,0
706,0
1857,0
1529,0
2802,0
879,1
575,0
2705,1
710,0
1835,0
2942,0
3275,1
2005,1
159,0
1865,1
302,0
188,0
2513,0
1511,1
2493,1
408,0
1983,1
1952,1
2821,1
1275,1
654,1
587,0
3399,1
728,1
635,0
2634,1
316,1
1496,1
2761,1
234,1
1377,1
3151,1
546,0
1504,1
3037,1
2575,1
299,0
2490,1
2886,0
725,1
156,1
195,1
520,1
124,1
3294,1
1644,1
3304,1
545,1
1961,1
2809,1
3421,1
2178,0
3541,0
3069,0
1714,0
1110,0
369,0
104,1
634,1
2019,1
2161,1
719,1
3207,0
841,1
2367,0
2804,0
3472,1
1756,0
2889,1
1338,0
2057,1
2859,1
1127,0
361,0
1051,0
3250,0
1271,1
3003,0
1695,1
1917,1
1184,0
351,0
1793,1
2445,1
57,0
2972,0
565,1
2270,0
2291,1
3128,1
648,1
3384,1
1043,0
211,1
1696,1
2674,0
572,1
2918,1
3082,0
890,1
322,0
2657,1
924,1
405,0
3092,1
1044,1
1590,1
621,1
3027,1
3088,0
1648,0
3409,1
1872,0
338,1
483,1
1197,1
1390,1
3407,1
138,1
1923,1
305,0
3508,0
794,0
3289,1
2125,0
2416,0
3419,1
1593,1
1887,1
2946,1
461,1
1374,0
2377,0
1943,1
2807,1
3276,0
3400,1
548,1
2537,0
856,0
1969,0
330,1
1248,1
3025,1
748,0
17,0
1101,1
1354,1
2055,0
3450,0
3159,0
1282,1
3480,1
3380,1
2624,1
2581,0
2820,0
1013,0
3383,0
3334,1
3214,1
2795,1
3072,1
289,0
2720,1
2979,1
3394,0
1735,1
686,1
570,1
1763,1
3094,0
3268,0
2962,0
3357,1
2628,1
3343,0
2577,1
3236,1
576,0
3293,1
688,1
1698,0
23,0
1139,1
2241,0
1065,0
1114,1
2876,0
427,1
1078,0
3439,0
1764,1
3282,1
1553,1
217,1
2907,0
861,0
2482,0
2963,1
1818,0
3038,1
2111,1
2616,0
1951,0
3177,1
2259,1
3437,1
1098,1
3237,1
641,0
1420,1
2991,0
2751,0
2066,1
3111,0
3377,1
559,1
1431,0
3441,1
385,0
1410,0
3309,1
2543,1
3446,0
1385,1
1084,1
2741,1
1095,1
2526,1
1256,0
2548,0
713,0
1567,0
422,0
3361,1
982,1
1428,1
1372,0
2162,1
2,0
2706,1
70,1
2379,1
527,0
2412,0
179,1
